95183
14683
96585
84761
65044
65183
55567
28734
19802
56410
79127
02879
08509
97009
47525
88791
93751
70490
17749
32927
65085
94970
55541
89466
45448
66819
86936
95349
08657
75106
97487
85268
59208
43206
14898
29083
02230
00022
46390
76658
91934
64676
42429
96812
30560
99913
72809
66736
13275
96798
51425
67147
15216
71831
16229
25862
22090
91420
24352
03550
44439
33385
95151
92374
14683
00323
57667
78341
09004
80139
81182
87552
17629
80967
42144
58190
24550
62189
94525
44967
15860
85739
93323
87043
14328
77127
40397
78105
75031
99553
84296
01482
25738
32761
85035
68873
96896
02466
86706
09507
66840
68509
38033
90785
75831
98886
00905
48343
09725
80938
27971
01243
29232
28799
88456
99618
20071
79865
63584
69087
55021
37184
69480
56317
19944
56756
37514
86439
69831
15172
81398
69574
06492
95014
54908
21591
13771
35967
78637
29918
47923
61404
63378
72394
20604
54145
27781
35157
50127
61025
57344
36615
07766
83959
34546
67011
20202
58870
67569
71756
76284
30909
87763
21951
67756
82597
15210
04291
27160
01595
64831
07126
25821
81524
12585
76273
36256
41879
33287
84361
95089
78572
87167
65888
93358
23879
84496
16147
31130
96978
80361
85195
74825
21529
24660
33314
64512
80550
51712
23057
53841
32470
36790
60455
80338
94074
65731
39470
03807
72355
40407
86049
81583
06786
16673
06017
16596
43179
42026
94264
28301
29514
60657
21732
21548
28693
15241
68944
34134
42056
40153
00994
14179
44447
99399
86963
71862
01306
15489
00515
01118
98623
33695
49221
97197
21424
91691
09365
62483
98893
22106
45399
67371
71659
30505
71239
56944
35898
02207
93274
40142
98319
41218
43739
03485
55173
68477
12348
76971
64800
86498
42059
08942
32931
73896
27772
33328
74045
25331
37635
39081
28786
20843
32565
24316
17888
47626
69199
84302
10060
25334
84920
30270
09722
61706
52863
03417
95658
74490
00143
94775
52191
94552
99265
55079
64517
16803
13037
50984
14886
04385
67907
51700
63604
96771
34444
30002
67975
93167
16746
97842
25589
12568
81785
75920
13260
44283
27735
31134
97100
36706
24404
56970
44575
68832
42374
32385
28423
46784
59222
17776
57726
56449
32109
11825
57995
91217
12802
13424
00587
12231
44543
62984
58391
22054
16134
73790
59050
24893
62342
90896
00608
31377
53338
84813
76825
92192
24937
81481
01866
22641
21817
60682
38700
34039
93512
38596
40004
71447
97193
52407
44146
77116
99965
38746
34667
84499
70915
91391
25660
12328
35273
08135
04799
14489
19984
51658
18422
05732
91001
98070
13591
44468
88460
66964
24038
93987
66335
49174
12449
97583
85835
82313
96349
92721
64617
06030
22312
94263
80291
44215
21953
21844
44114
93162
51028
29551
66121
63959
97789
44259
90865
33877
94654
10025
84935
94630
49660
23473
89644
67212
75851
83767
45647
83411
43288
47832
40488
89085
69731
00790
60182
71358
22571
94204
64211
27135
82404
52031
44648
97600
72166
70830
27701
01755
00523
01837
31304
29475
31431
46863
70098
98659
72035
21538
12923
76963
78288
59083
18839
56886
38711
66126
16504
87900
74055
46028
84821
83323
35962
27522
87875
55061
35916
15955
28228
36994
73167
17137
36572
48592
60721
97714
61215
01646
62126
37253
24997
53016
96515
40536
39311
64151
93960
24053
87645
41789
28167
90577
84499
25059
90583
09422
87357
55416
81135
41286
92320
26066
80119
44259
94514
21211
44302
29023
28138
03693
50650
38450
61118
63559
20927
12881
25582
07872
28073
59006
55666
68690
59772
25162
87924
35054
84077
02504
10800
75293
86466
92406
56289
79807
55271
73177
70568
32826
26937
75563
14290
30078
70820
58639
64900
61699
34974
11738
64065
07860
90064
91220
46786
45994
47375
70140
35592
05990
58470
82014
05265
79276
72512
19525
27397
88975
77137
40032
06205
06997
53504
07760
62546
41093
04332
68677
27073
94104
58532
53616
32156
66153
00264
36374
15230
27382
27938
91695
64013
46719
61629
33668
32391
35411
68209
33885
64050
38984
47230
59448
97802
37987
22733
52199
12325
18625
01271
84870
10911
51411
44221
93363
48654
42656
99464
08481
98128
66677
89441
66019
75095
80310
18848
23722
30788
27435
03780
85737
05561
57203
07316
98597
73621
40082
39571
89790
65382
01447
15984
60854
72833
87320
95245
40678
89785
86922
84354
81939
32180
32891
52704
84659
95442
86204
44040
51613
15984
07932
69932
18796
87070
82202
05372
93506
60697
48535
89027
45719
51567
20383
07288
50265
48321
63056
35861
80864
86357
51567
68151
11723
06990
45471
31340
30187
23899
36361
96780
55823
37743
06957
77884
78061
36603
51326
91644
88971
00664
10776
90888
97107
00930
87438
23714
33246
72109
96821
43647
41707
91062
20037
47660
34652
82087
29652
51614
11015
66187
67104
67934
95662
85259
08546
77032
28958
26815
66683
50539
65189
22993
93315
93110
01022
16079
74364
97582
34309
18699
24437
12839
48005
46478
45823
44862
86472
77354
95916
36599
52350
89866
98532
69704
33735
13696
32573
58513
70797
53560
23115
38325
74380
99917
21721
00323
29402
27080
74553
41700
25357
17428
66708
83630
42360
16842
40782
21345
88668
95845
06794
48960
75160
18552
00424
25976
69852
35837
69810
64014
03045
53378
75606
34848
74458
71100
01512
89662
01391
49140
18048
59282
77344
72419
97535
55169
47044
81940
16507
12220
16375
65306
38691
75019
55186
47269
89809
48811
09494
06576
58258
73155
46712
11106
38382
70893
39503
42937
88095
48475
07399
02165
98038
97247
48441
93066
20276
72169
49706
56553
48854
75803
34089
45335
13056
44509
77886
65036
42619
95564
66315
49084
97951
73015
36585
89007
12069
96858
17241
37189
44193
28270
81624
75256
48953
47945
81153
10121
69935
60894
23151
00113
40597
71164
61331
10930
83334
44992
30210
99370
60425
87391
63244
54828
12155
64082
43773
66172
31105
74546
74875
51747
41021
22338
49403
20173
75454
62122
37227
35790
94245
19396
03648
28548
42987
78668
09292
23073
21116
07199
21398
18770
19221
70541
58195
21383
57877
27812
06504
18289
18606
17680
09218
58984
33503
45776
88514
10094
28589
47548
64714
96174
10026
87111
29333
77885
03602
99374
41918
43875
11258
83646
46042
26986
11003
94756
89972
00805
43277
65791
12217
23767
09833
66504
82359
95754
40249
71472
61588
04428
31966
42142
71410
28139
60147
68496
89021
01615
36565
85598
18048
32584
19193
31952
87947
89521
65225
97987
14794
90695
69314
10359
27881
38183
98935
48606
27475
73462
66692
11151
21709
32836
92997
33682
12722
38906
21880
10506
78478
85067
30375
82944
06660
40750
84252
20463
37184
27248
81695
06183
08147
01241
16278
54886
36468
21315
49106
10291
16837
40481
68883
60266
66180
05680
38799
40481
73524
73255
79950
42007
56334
54332
59547
60741
56065
71467
07193
38784
08169
07389
64049
21355
86589
06583
91709
73154
86898
20234
05773
47157
72305
20819
57301
89018
74851
50560
57195
97283
25156
59277
33608
73937
19341
17262
63955
41678
36229
54204
03657
71909
82018
83110
21722
03455
30654
57890
18530
60458
57145
08764
93373
88795
11353
44726
66989
24389
93445
53752
98703
55276
18391
53513
35158
50868
45055
12180
29993
69555
69613
69358
96861
01667
47738
11964
38056
14298
10431
53147
76843
32128
46844
23407
62423
01712
46033
64425
49152
05010
84942
25483
52825
17485
67614
12493
88626
39589
56044
21968
80000
90734
70131
19986
34949
76990
48325
39323
66921
89134
21853
18973
53597
22379
94302
15425
62185
27894
37281
38876
97902
34008
45051
05607
09151
34061
64751
96631
50373
61603
84917
56084
57647
80898
55489
24602
99734
68144
63963
73011
22832
98145
31523
60195
34172
40637
60940
51237
84547
89655
53120
95599
04602
07968
85748
74914
76227
07158
24432
22963
18815
26665
25301
67754
88457
19913
96787
71084
14867
03077
89575
66834
14169
38336
41192
56208
29069
87045
32135
25975
71643
74200
52556
30213
90528
60501
73201
72999
30355
86428
39401
72077
48056
17853
24894
19838
99055
42696
14376
24907
06082
61789
03963
64664
09132
87218
64755
46107
62530
10183
38149
70004
74983
02092
40704
01062
17000
61170
99026
24025
74196
77214
89483
43933
80953
81268
46485
23647
98173
55947
96727
86378
27293
56047
73998
19996
94427
09157
62999
88803
81272
22315
92708
07343
94220
93209
32369
82003
82433
85790
47632
36285
68771
06006
37556
51601
68430
23169
58879
97812
39399
71469
40835
04924
30336
59222
06350
45656
61949
23031
50698
85772
85990
36942
11098
06636
57547
73247
46229
52551
57248
90383
23502
22642
80722
38164
12160
51707
22075
20624
91644
08780
10777
53979
65288
39116
80635
49653
36903
33854
79873
67823
23256
31643
06717
92287
42775
79274
90874
44006
27312
15909
25276
59863
75607
22277
09519
67689
13829
30992
44921
67375
94754
95322
25501
78486
99059
62524
57335
48704
79426
49770
32989
22640
88230
66598
27685
29719
99930
26181
14911
08271
21662
40886
53783
76430
41233
44057
28385
21751
51476
64387
04837
08929
81607
33210
61894
17240
37617
56753
61251
49433
65644
63758
14430
20139
15027
52208
16440
59911
57566
22227
60109
95260
21388
96686
68896
64599
91227
55882
60220
70202
73354
34776
55530
20599
45720
75145