956
232
968
862
685
686
599
358
278
607
811
125
176
972
527
898
943
734
259
396
685
954
599
904
508
701
882
957
177
775
976
866
632
488
234
361
120
100
517
789
926
681
481
970
374
998
754
700
219
970
562
703
236
746
245
332
298
922
319
131
499
400
955
930
232
102
618
804
180
820
830
887
258
828
479
623
320
659
950
504
242
871
939
882
228
793
463
802
774
995
858
113
331
394
864
719
971
122
879
185
701
716
442
916
782
989
108
534
187
828
351
111
362
359
895
996
280
818
671
721
594
434
724
606
279
610
437
877
728
236
832
725
158
954
593
294
223
423
807
369
531
652
670
751
285
587
349
416
550
648
615
429
169
855
410
702
281
629
707
745
786
378
889
297
709
842
236
138
344
114
683
164
332
833
213
786
426
476
399
858
955
806
884
692
939
314
860
245
380
972
822
866
773
293
321
399
680
824
565
307
584
392
430
643
822
946
691
455
134
750
463
874
833
161
249
154
249
488
478
947
354
365
645
295
293
358
237
720
407
478
461
108
227
499
994
882
746
111
239
104
110
987
403
542
974
292
924
184
662
989
298
508
706
744
374
740
612
422
119
939
461
984
470
493
131
596
715
211
792
682
878
478
180
396
764
349
399
766
327
438
451
358
287
392
318
260
528
722
858
190
327
863
372
187
655
575
130
960
770
101
952
569
950
992
595
680
251
217
558
233
139
710
565
672
970
409
369
711
938
250
980
330
213
835
782
219
498
349
380
973
430
319
612
500
719
481
391
355
520
632
259
619
607
388
206
621
920
215
220
105
210
500
666
625
298
245
763
631
323
660
917
105
382
579
862
791
929
324
832
116
303
296
645
448
406
941
447
459
742
974
571
497
793
999
448
411
860
737
922
330
210
417
173
143
230
279
564
265
151
918
982
222
499
895
702
316
945
696
542
211
977
872
840
966
934
681
154
300
947
822
497
297
296
496
938
559
365
694
675
979
498
917
404
951
190
864
951
546
311
906
704
782
853
510
850
489
530
464
901
727
107
641
741
303
947
677
344
841
568
501
977
749
737
349
115
104
116
381
365
382
521
730
987
747
293
216
792
804
631
269
611
448
694
248
890
766
514
862
849
423
347
890
595
423
243
353
432
758
254
428
537
646
978
650
114
658
435
324
576
968
464
453
677
945
316
888
475
353
914
860
325
914
184
885
598
829
471
930
334
820
498
950
290
498
361
353
133
555
445
649
671
288
215
330
170
352
630
600
717
637
326
890
415
856
122
197
777
877
931
606
817
597
758
734
395
342
779
228
370
737
627
683
654
414
205
676
170
910
920
520
513
526
730
420
153
625
837
147
813
752
275
346
900
793
460
155
162
581
169
662
469
138
717
343
946
626
582
389
695
102
427
236
346
351
924
675
520
654
402
391
418
713
404
676
450
524
634
979
441
304
569
210
267
111
863
198
562
497
939
537
483
994
176
982
699
904
693
775
822
269
313
376
346
134
871
150
614
165
986
762
460
455
907
688
113
243
647
755
885
956
465
907
881
858
837
389
395
574
861
958
875
496
564
243
171
729
269
883
839
148
941
645
536
900
511
563
283
165
552
534
667
422
827
876
563
713
205
162
509
381
371
314
427
970
602
439
162
800
802
429
561
924
900
105
196
917
973
108
886
313
399
748
970
492
475
919
280
528
411
838
366
564
199
695
703
711
960
866
176
792
360
341
699
554
686
306
939
937
109
244
768
977
408
268
319
215
531
518
512
503
877
795
962
429
570
908
986
726
403
223
392
626
736
581
307
444
769
998
295
102
364
343
770
475
328
256
700
852
481
251
466
292
897
962
161
540
776
266
103
333
728
422
727
675
127
580
780
413
769
739
113
906
112
542
262
633
795
751
977
596
523
837
248
209
247
687
448
774
596
525
907
539
185
159
624
758
520
199
445
737
455
486
892
536
166
119
981
974
535
937
282
749
547
608
539
781
406
507
217
500
800
685
483
959
696
541
981
756
429
900
208
971
255
434
497
354
834
776
540
531
829
191
729
647
308
101
465
740
651
198
849
504
371
993
643
886
668
593
209
676
493
695
379
770
773
565
468
300
544
281
778
658
434
421
947
274
132
356
486
807
183
307
289
164
292
268
272
734
623
292
620
350
158
264
267
259
182
630
401
511
896
190
357
527
682
965
190
883
363
800
132
993
477
494
201
852
514
342
198
952
909
107
489
691
209
313
188
698
840
961
462
742
653
139
387
479
742
353
641
716
900
114
428
869
262
393
272
387
891
905
686
981
233
915
723
193
350
443
989
537
347
760
699
200
295
395
936
402
214
449
296
194
805
865
373
846
159
466
857
284
434
345
834
155
173
111
246
593
428
291
541
192
251
464
719
642
695
151
449
464
761
758
819
477
606
588
635
646
604
742
164
448
173
166
676
292
878
159
924
758
881
282
151
524
750
287
615
900
773
554
614
975
326
633
402
765
273
255
675
474
425
587
132
746
837
847
295
131
375
620
266
643
614
178
939
898
202
502
702
319
940
583
987
597
265
581
416
557
505
209
369
725
726
723
971
114
529
207
442
228
193
578
791
388
521
310
661
115
514
679
542
145
864
329
575
257
708
212
897
456
604
297
819
916
730
279
414
792
534
453
701
901
296
270
582
301
948
238
659
350
435
449
980
405
505
150
182
406
682
969
553
654
863
604
618
827
599
321
997
712
675
756
305
982
383
641
407
465
648
560
860
906
577
959
141
171
871
773
785
164
319
306
269
339
327
709
895
279
970
739
233
127
905
701
227
444
470
605
361
882
389
333
744
767
572
371
914
644
758
756
373
877
454
748
532
260
323
278
991
484
229
324
154
655
135
681
182
884
682
514
662
191
443
729
774
118
466
109
252
650
990
316
767
794
904
495
828
831
518
312
983
603
970
876
345
604
765
279
949
182
666
898
831
300
933
166
947
938
391
837
841
871
528
426
718
154
437
564
715
308
629
979
454
742
467
144
372
632
157
510
657
307
556
871
873
432
199
159
617
758
515
572
614
913
311
303
826
443
209
565
298
285
924
178
196
585
687
451
825
546
431
404
818
710
309
384
160
930
484
813
917
495
345
243
327
638
780
300
185
708
224
378
504
706
952
957
329
805
991
662
615
538
814
547
396
303
893
699
349
367
998
335
234
174
294
467
583
787
470
496
355
295
563
679
143
180
834
398
656
255
438
610
650
544
690
673
229
281
235
569
247
638
617
299
640
956
292
969
719
681
920
602
641
731
759
412
599
285
511
167
