94
23
96
85
67
68
59
35
27
60
80
12
17
96
52
89
93
72
25
39
67
94
59
89
50
69
87
94
17
76
96
85
62
48
23
35
11
10
51
78
91
67
47
96
37
98
74
69
21
96
55
69
23
73
24
33
29
91
31
13
49
39
94
92
23
10
61
79
18
81
82
87
25
82
47
61
31
65
94
50
24
86
93
87
22
78
45
79
76
98
85
11
32
39
85
71
96
12
87
18
69
71
43
90
77
98
10
53
18
82
34
11
36
35
88
98
27
81
66
71
58
43
71
60
27
60
43
86
72
23
82
71
15
94
58
29
22
42
80
36
52
64
66
74
28
58
34
41
54
64
61
42
16
84
40
69
27
62
70
73
77
37
88
29
70
83
23
13
34
11
67
16
32
82
21
77
42
47
39
85
94
79
87
68
93
31
85
24
37
96
81
85
76
29
31
39
67
81
56
30
57
38
42
63
81
93
68
45
13
74
45
86
82
16
24
15
24
48
47
93
35
36
64
29
29
35
23
71
40
47
45
10
22
49
98
87
73
11
23
10
10
97
40
53
96
29
91
18
65
98
29
50
69
73
37
73
60
41
11
93
45
97
46
48
13
59
70
20
78
67
87
47
17
39
75
34
39
75
32
43
44
35
28
38
31
25
52
71
85
18
32
85
36
18
64
57
13
95
76
10
94
56
94
98
59
67
24
21
55
23
13
70
56
66
96
40
36
70
92
24
97
32
21
82
77
21
49
34
37
96
42
31
60
49
71
47
38
35
51
62
25
61
60
38
20
61
91
21
21
10
20
49
66
61
29
24
75
62
32
65
90
10
37
57
85
78
92
32
82
11
30
29
64
44
40
93
44
45
73
96
56
49
78
99
44
40
85
73
91
32
20
41
17
14
22
27
56
26
15
91
97
22
49
88
69
31
93
69
53
21
96
86
83
95
92
67
15
29
93
81
49
29
29
49
92
55
36
68
66
97
49
90
40
94
18
85
94
54
30
89
69
77
84
50
84
48
52
46
89
72
10
63
73
30
93
67
34
83
56
49
96
74
73
34
11
10
11
37
36
37
51
72
97
74
29
21
78
79
62
26
60
44
68
24
88
75
50
85
84
42
34
88
59
41
24
35
42
75
25
42
53
64
97
64
11
65
43
32
57
95
46
45
67
93
31
88
47
35
90
85
32
90
18
87
59
82
46
92
33
81
49
94
28
49
35
35
13
55
44
64
66
28
21
32
17
34
62
59
71
63
32
88
41
84
12
19
77
86
92
60
81
59
75
72
39
33
77
22
36
73
62
67
64
41
20
67
16
90
91
51
50
52
72
41
15
62
83
14
80
74
27
34
89
78
45
15
16
57
16
65
46
13
71
34
93
62
57
38
68
10
42
23
34
34
91
67
51
64
39
38
41
70
40
67
44
52
62
97
43
30
56
20
26
11
85
19
55
49
93
53
47
98
17
97
69
89
68
76
81
26
31
37
34
13
86
14
60
16
97
75
45
45
89
68
11
24
64
74
87
94
46
89
87
85
82
38
39
56
85
94
86
49
55
24
17
72
26
87
83
14
93
64
53
89
50
55
28
16
54
53
66
41
82
86
55
70
20
16
50
37
36
31
42
96
59
43
16
79
79
42
55
91
89
10
19
90
96
10
87
31
39
74
96
48
47
91
27
52
40
83
36
55
19
68
69
70
95
85
17
78
35
33
69
55
68
30
93
92
10
24
76
96
40
26
31
21
52
51
50
49
87
78
95
42
56
90
97
72
40
22
39
62
73
57
30
44
76
98
29
10
36
34
76
47
32
25
69
84
47
24
46
29
88
95
16
53
76
26
10
33
72
41
72
67
12
57
77
41
76
73
11
89
11
53
26
62
78
74
96
59
51
82
24
20
24
68
44
76
59
52
89
53
18
15
61
75
51
19
44
73
45
48
88
53
16
11
97
96
53
92
28
74
54
60
53
77
40
50
21
49
79
67
47
95
69
53
97
75
42
89
20
96
25
43
49
35
82
77
53
52
82
19
72
64
30
10
46
73
64
19
84
50
36
98
63
87
66
58
20
67
48
68
37
76
76
56
46
29
53
27
77
65
43
41
93
27
13
35
48
80
18
30
28
16
29
26
27
72
61
29
61
34
15
26
26
25
18
62
39
50
88
18
35
52
67
95
18
87
36
79
13
98
47
49
20
84
51
34
19
94
90
10
48
68
20
31
18
69
83
95
45
73
64
13
38
47
73
35
63
70
89
11
42
86
26
39
27
38
88
89
68
97
23
90
71
19
34
44
98
53
34
75
69
19
29
39
92
39
21
44
29
19
79
85
37
83
15
46
85
28
43
34
82
15
17
11
24
58
42
28
53
19
24
46
71
63
68
15
44
46
75
75
81
47
60
58
63
64
59
73
16
44
17
16
67
29
87
15
91
75
87
28
15
51
74
28
61
89
76
55
60
96
32
62
39
75
27
25
66
47
42
58
13
74
83
84
29
13
37
61
26
63
60
17
93
89
20
49
69
31
93
57
97
59
26
57
41
55
50
20
36
71
71
71
96
11
52
20
43
22
19
57
78
38
51
30
65
11
50
67
53
14
85
32
57
25
70
21
88
45
59
29
81
90
72
27
41
78
53
45
69
89
29
26
57
29
93
23
65
34
43
44
97
40
50
14
18
40
67
96
54
64
85
59
61
82
59
31
98
70
66
75
30
97
38
63
40
46
64
55
85
89
57
95
14
17
86
76
77
16
31
30
26
33
32
70
88
27
96
73
23
12
89
69
22
44
46
60
35
87
38
33
73
76
56
36
90
63
75
75
37
86
45
74
52
25
32
27
98
48
22
32
15
65
13
67
18
87
67
51
65
19
43
72
76
11
46
10
25
64
98
31
76
78
89
49
82
82
51
31
97
59
96
86
34
59
75
27
94
18
66
89
82
29
92
16
93
93
38
83
83
86
52
42
71
15
43
55
70
30
62
97
45
73
46
14
37
62
15
50
65
30
55
86
86
42
19
15
61
75
51
56
60
90
30
30
81
43
20
56
29
28
91
17
19
58
68
44
81
54
42
40
81
70
30
38
15
92
48
80
90
49
34
24
32
63
77
29
18
70
22
37
50
69
94
94
32
79
98
65
61
53
80
54
39
30
88
69
34
36
98
33
23
17
29
46
57
78
46
49
35
29
55
67
14
17
82
39
65
25
43
60
64
54
68
66
22
27
23
56
24
63
61
29
63
94
29
96
71
67
91
59
63
72
75
40
59
28
50
16
